acc-p0: 0.8047914818101154 +- 0
acc-p1: 0.8025732031943212 +- 0
acc-p2: 0.7950310559006211 +- 0
accuracy-p0: 0.8047914818101154 +- 0
accuracy-p1: 0.8025732031943212 +- 0
accuracy-p2: 0.7950310559006211 +- 0
f1-p0: 0.8134011874469891 +- 0
f1-p1: 0.8123154787009701 +- 0
f1-p2: 0.8015463917525774 +- 0
precision-p0: 0.7790414297319253 +- 0
precision-p1: 0.7741157556270096 +- 0
precision-p2: 0.7768526228143214 +- 0
recall-p0: 0.8509316770186336 +- 0
recall-p1: 0.8544809228039042 +- 0
recall-p2: 0.8278615794143744 +- 0
f_beta_2.0-p0: 0.8355114131381775 +- 0
f_beta_2.0-p1: 0.8371001390820585 +- 0
f_beta_2.0-p2: 0.8171308460325802 +- 0
f_beta_0.5-p0: 0.7924310031399768 +- 0
f_beta_0.5-p1: 0.7889562510240865 +- 0
f_beta_0.5-p2: 0.7865452706120384 +- 0
acc-all-p: 0.8007985803016859 +- 0.005116487397813184
accuracy-all-p: 0.8007985803016859 +- 0.005116487397813184
f1-all-p: 0.8090876859668455 +- 0.006553474627242505
precision-all-p: 0.7766699360577521 +- 0.0024679135287178212
recall-all-p: 0.844424726412304 +- 0.014453465510642577
f_beta_2.0-all-p: 0.8299141327509387 +- 0.011099113794533804
f_beta_0.5-all-p: 0.7893108415920339 +- 0.002958844825394891
