acc-p0: 0.748890860692103 +- 0
acc-p1: 0.7218278615794144 +- 0
acc-p2: 0.7728482697426797 +- 0
accuracy-p0: 0.748890860692103 +- 0
accuracy-p1: 0.7218278615794144 +- 0
accuracy-p2: 0.7728482697426797 +- 0
f1-p0: 0.7701056051990252 +- 0
f1-p1: 0.7458451560599919 +- 0
f1-p2: 0.784330244313395 +- 0
precision-p0: 0.7101123595505618 +- 0
precision-p1: 0.6865671641791045 +- 0
precision-p2: 0.7465918203688853 +- 0
recall-p0: 0.8411712511091393 +- 0
recall-p1: 0.8163265306122449 +- 0
recall-p2: 0.8260869565217391 +- 0
f_beta_2.0-p0: 0.8112271093616292 +- 0
f_beta_2.0-p1: 0.786593707250342 +- 0
f_beta_2.0-p2: 0.8088618592528236 +- 0
f_beta_0.5-p0: 0.7329519096953766 +- 0
f_beta_0.5-p1: 0.7091105287498073 +- 0
f_beta_0.5-p2: 0.7612428454619788 +- 0
acc-all-p: 0.7478556640047324 +- 0.02552595221382948
accuracy-all-p: 0.7478556640047324 +- 0.02552595221382948
f1-all-p: 0.766760335190804 +- 0.019459409755667942
precision-all-p: 0.7144237813661839 +- 0.030243695313726365
recall-all-p: 0.8278615794143744 +- 0.01251706830493864
f_beta_2.0-all-p: 0.8022275586215982 +- 0.013590863973390398
f_beta_0.5-all-p: 0.7344350946357209 +- 0.02609778706365711
