acc-p0: 0.7777284826974268 +- 0
acc-p1: 0.7786157941437445 +- 0
acc-p2: 0.8003549245785271 +- 0
accuracy-p0: 0.7777284826974268 +- 0
accuracy-p1: 0.7786157941437445 +- 0
accuracy-p2: 0.8003549245785271 +- 0
f1-p0: 0.7734056987788331 +- 0
f1-p1: 0.7775300936246099 +- 0
f1-p2: 0.7980251346499103 +- 0
precision-p0: 0.7887453874538746 +- 0
precision-p1: 0.7813620071684588 +- 0
precision-p2: 0.8074477747502271 +- 0
recall-p0: 0.7586512866015972 +- 0
recall-p1: 0.7737355811889973 +- 0
recall-p2: 0.7888198757763976 +- 0
f_beta_2.0-p0: 0.7644849785407726 +- 0
f_beta_2.0-p1: 0.77524893314367 +- 0
f_beta_2.0-p2: 0.792476377250847 +- 0
f_beta_0.5-p0: 0.7825370675453048 +- 0
f_beta_0.5-p1: 0.7798247182972635 +- 0
f_beta_0.5-p2: 0.8036521424697162 +- 0
acc-all-p: 0.7855664004732328 +- 0.012814919598278582
accuracy-all-p: 0.7855664004732328 +- 0.012814919598278582
f1-all-p: 0.7829869756844511 +- 0.013185686444542169
precision-all-p: 0.7925183897908535 +- 0.013445946510329595
recall-all-p: 0.7737355811889973 +- 0.015084294587400182
f_beta_2.0-all-p: 0.7774034296450966 +- 0.014119525198022162
f_beta_0.5-all-p: 0.7886713094374281 +- 0.013044471180036618
