acc-p0: 0.7577639751552795 +- 0
acc-p1: 0.7573203194321206 +- 0
acc-p2: 0.7417923691215617 +- 0
accuracy-p0: 0.7577639751552795 +- 0
accuracy-p1: 0.7573203194321206 +- 0
accuracy-p2: 0.7417923691215617 +- 0
f1-p0: 0.7741935483870966 +- 0
f1-p1: 0.7628955353272648 +- 0
f1-p2: 0.7708661417322834 +- 0
precision-p0: 0.7250193648334624 +- 0
precision-p1: 0.7457627118644068 +- 0
precision-p2: 0.6928520877565464 +- 0
recall-p0: 0.8305235137533274 +- 0
recall-p1: 0.7808340727595386 +- 0
recall-p2: 0.8686779059449867 +- 0
f_beta_2.0-p0: 0.8070356958096224 +- 0
f_beta_2.0-p1: 0.7735583684950773 +- 0
f_beta_2.0-p2: 0.8267184597196419 +- 0
f_beta_0.5-p0: 0.7439198855507869 +- 0
f_beta_0.5-p1: 0.7525226611937745 +- 0
f_beta_0.5-p2: 0.7220829030830506 +- 0
acc-all-p: 0.7522922212363206 +- 0.009095844019332604
accuracy-all-p: 0.7522922212363206 +- 0.009095844019332604
f1-all-p: 0.769318408482215 +- 0.005805849070985058
precision-all-p: 0.7212113881514719 +- 0.02666006471632735
recall-all-p: 0.8266784974859509 +- 0.0440479610169472
f_beta_2.0-all-p: 0.8024375080081139 +- 0.026876687352507988
f_beta_0.5-all-p: 0.7395084832758707 +- 0.015692038458504955
