acc-p0: 0.7737355811889973 +- 0
acc-p1: 0.7386867790594499 +- 0
acc-p2: 0.769299023957409 +- 0
accuracy-p0: 0.7737355811889973 +- 0
accuracy-p1: 0.7386867790594499 +- 0
accuracy-p2: 0.769299023957409 +- 0
f1-p0: 0.7860738255033557 +- 0
f1-p1: 0.754070981210856 +- 0
f1-p2: 0.7845898922949461 +- 0
precision-p0: 0.745425616547335 +- 0
precision-p1: 0.7121451104100947 +- 0
precision-p2: 0.7358197358197358 +- 0
recall-p0: 0.831410825199645 +- 0
recall-p1: 0.8012422360248447 +- 0
recall-p2: 0.8402839396628217 +- 0
f_beta_2.0-p0: 0.8126626192541196 +- 0
f_beta_2.0-p1: 0.7816828254847645 +- 0
f_beta_2.0-p2: 0.8170836928386541 +- 0
f_beta_0.5-p0: 0.7611697806661251 +- 0
f_beta_0.5-p1: 0.7283432811743831 +- 0
f_beta_0.5-p2: 0.754581673306773 +- 0
acc-all-p: 0.7605737947352854 +- 0.019084073239562658
accuracy-all-p: 0.7605737947352854 +- 0.019084073239562658
f1-all-p: 0.7749115663363859 +- 0.018063720705397312
precision-all-p: 0.7311301542590551 +- 0.017128693867263484
recall-all-p: 0.8243123336291038 +- 0.020465949591252544
f_beta_2.0-all-p: 0.8038097125258461 +- 0.019289526186678476
f_beta_0.5-all-p: 0.7480315783824271 +- 0.017365845066071244
