acc-p0: 0.7364685004436557 +- 0
acc-p1: 0.7062999112688554 +- 0
acc-p2: 0.7653061224489796 +- 0
accuracy-p0: 0.7364685004436557 +- 0
accuracy-p1: 0.7062999112688554 +- 0
accuracy-p2: 0.7653061224489796 +- 0
f1-p0: 0.7551525144270405 +- 0
f1-p1: 0.7194915254237289 +- 0
f1-p2: 0.7581161408321901 +- 0
precision-p0: 0.7051578137028484 +- 0
precision-p1: 0.6885644768856448 +- 0
precision-p2: 0.7820754716981132 +- 0
recall-p0: 0.8127772848269743 +- 0
recall-p1: 0.7533274179236912 +- 0
recall-p2: 0.735581188997338 +- 0
f_beta_2.0-p0: 0.788703289133804 +- 0
f_beta_2.0-p1: 0.7394182198223306 +- 0
f_beta_2.0-p2: 0.7444324712643678 +- 0
f_beta_0.5-p0: 0.7243397121619485 +- 0
f_beta_0.5-p1: 0.7006106618253838 +- 0
f_beta_0.5-p2: 0.7723122787404509 +- 0
acc-all-p: 0.7360248447204969 +- 0.029505607301983656
accuracy-all-p: 0.7360248447204969 +- 0.029505607301983656
f1-all-p: 0.7442533935609865 +- 0.021495542691509936
precision-all-p: 0.7252659207622021 +- 0.04989317102407099
recall-all-p: 0.7672286305826679 +- 0.04043194390425924
f_beta_2.0-all-p: 0.7575179934068341 +- 0.02712337887441235
f_beta_0.5-all-p: 0.7324208842425944 +- 0.036527516664927
